### Symmetric noise

$$
N=\begin{bmatrix} 1 & -0.2 \\ -0.2 & 1 \end{bmatrix},\quad
W_{\text{in}}=\begin{bmatrix}0.6\\0.6\end{bmatrix},\quad
W_{\text{out}}=\begin{bmatrix}1.0\\1.0\end{bmatrix}
$$

| x1 | x2 | Res | MLP | Pred | True | Loss |
|:--:|:--:|:--:|:--:|:--:|:--:|:--:|
| -1.0 | -1.0 | (-0.80, -0.80) | (0.00, 0.00) | (-0.80, -0.80) | (-1.00, -1.00) | 0.04 |
| -1.0 | 0.0 | (-1.00, 0.20) | (0.00, 0.00) | (-1.00, 0.20) | (-1.00, 0.00) | 0.02 |
| -1.0 | 1.0 | (-1.20, 1.20) | (0.00, 0.00) | (-1.20, 1.20) | (-1.00, 2.00) | 0.34 |
| 0.0 | -1.0 | (0.20, -1.00) | (0.00, 0.00) | (0.20, -1.00) | (0.00, -1.00) | 0.02 |
| 0.0 | 0.0 | (0.00, 0.00) | (0.00, 0.00) | (0.00, 0.00) | (0.00, 0.00) | 0.00 |
| 0.0 | 1.0 | (-0.20, 1.00) | (0.60, 0.60) | (0.40, 1.60) | (0.00, 2.00) | 0.16 |
| 1.0 | -1.0 | (1.20, -1.20) | (0.00, 0.00) | (1.20, -1.20) | (2.00, -1.00) | 0.34 |
| 1.0 | 0.0 | (1.00, -0.20) | (0.60, 0.60) | (1.60, 0.40) | (2.00, 0.00) | 0.16 |
| 1.0 | 1.0 | (0.80, 0.80) | (1.20, 1.20) | (2.00, 2.00) | (2.00, 2.00) | 0.00 |

### Asymmetric noise

$$
N=\begin{bmatrix} 1 & -0.4 \\ -0.3 & 1 \end{bmatrix},\quad
W_{\text{in}}=\begin{bmatrix}0.9\\0.9\end{bmatrix},\quad
W_{\text{out}}=\begin{bmatrix}0.7\\0.8\end{bmatrix}
$$

| x1 | x2 | Res | MLP | Pred | True | Loss |
|:--:|:--:|:--:|:--:|:--:|:--:|:--:|
| -1.0 | -1.0 | (-0.60, -0.70) | (0.00, 0.00) | (-0.60, -0.70) | (-1.00, -1.00) | 0.13 |
| -1.0 | 0.0 | (-1.00, 0.30) | (0.00, 0.00) | (-1.00, 0.30) | (-1.00, 0.00) | 0.04 |
| -1.0 | 1.0 | (-1.40, 1.30) | (0.00, 0.00) | (-1.40, 1.30) | (-1.00, 2.00) | 0.32 |
| 0.0 | -1.0 | (0.40, -1.00) | (0.00, 0.00) | (0.40, -1.00) | (0.00, -1.00) | 0.08 |
| 0.0 | 0.0 | (0.00, 0.00) | (0.00, 0.00) | (0.00, 0.00) | (0.00, 0.00) | 0.00 |
| 0.0 | 1.0 | (-0.40, 1.00) | (0.63, 0.72) | (0.23, 1.72) | (0.00, 2.00) | 0.07 |
| 1.0 | -1.0 | (1.40, -1.30) | (0.00, 0.00) | (1.40, -1.30) | (2.00, -1.00) | 0.23 |
| 1.0 | 0.0 | (1.00, -0.30) | (0.63, 0.72) | (1.63, 0.42) | (2.00, 0.00) | 0.16 |
| 1.0 | 1.0 | (0.60, 0.70) | (1.26, 1.44) | (1.86, 2.14) | (2.00, 2.00) | 0.02 |

### Identity noise

$$
N=\begin{bmatrix} 1 & 0 \\ 0 & 1 \end{bmatrix},\quad
W_{\text{in}}=\begin{bmatrix}0.75\\0.20\end{bmatrix},\quad
W_{\text{out}}=\begin{bmatrix}1.25\\0.40\end{bmatrix}
$$

| x1 | x2 | Res | MLP | Pred | True | Loss |
|:--:|:--:|:--:|:--:|:--:|:--:|:--:|
| -1.0 | -1.0 | (-1.00, -1.00) | (0.00, 0.00) | (-1.00, -1.00) | (-1.00, -1.00) | 0.00 |
| -1.0 | 0.0 | (-1.00, 0.00) | (0.00, 0.00) | (-1.00, 0.00) | (-1.00, 0.00) | 0.00 |
| -1.0 | 1.0 | (-1.00, 1.00) | (0.00, 0.00) | (-1.00, 1.00) | (-1.00, 2.00) | 0.50 |
| 0.0 | -1.0 | (0.00, -1.00) | (0.00, 0.00) | (0.00, -1.00) | (0.00, -1.00) | 0.00 |
| 0.0 | 0.0 | (0.00, 0.00) | (0.00, 0.00) | (0.00, 0.00) | (0.00, 0.00) | 0.00 |
| 0.0 | 1.0 | (0.00, 1.00) | (0.25, 0.08) | (0.25, 1.08) | (0.00, 2.00) | 0.45 |
| 1.0 | -1.0 | (1.00, -1.00) | (0.69, 0.22) | (1.69, -0.78) | (2.00, -1.00) | 0.07 |
| 1.0 | 0.0 | (1.00, 0.00) | (0.94, 0.30) | (1.94, 0.30) | (2.00, 0.00) | 0.05 |
| 1.0 | 1.0 | (1.00, 1.00) | (1.19, 0.38) | (2.19, 1.38) | (2.00, 2.00) | 0.21 |
